300	79.444
301	75.364
302	71.044
303	66.571
304	62.028
305	57.5
306	53.074
307	48.833
308	44.863
309	41.249
310	38.077
311	35.398
312	33.14
313	31.196
314	29.462
315	27.83
316	26.218
317	24.634
318	23.109
319	21.674
320	20.36
321	19.189
322	18.146
323	17.207
324	16.349
325	15.548
326	14.785
327	14.057
328	13.365
329	12.711
330	12.096
331	11.521
332	10.984
333	10.479
334	10.003
335	9.5521
336	9.1235
337	8.7172
338	8.3345
339	7.9767
340	7.6449
341	7.3394
342	7.0573
343	6.7945
344	6.5471
345	6.3111
346	6.0832
347	5.8625
348	5.6484
349	5.4407
350	5.239
351	5.0433
352	4.8547
353	4.675
354	4.5057
355	4.3484
356	4.2041
357	4.071
358	3.9467
359	3.8289
360	3.7151
361	3.6033
362	3.4939
363	3.3872
364	3.2839
365	3.1847
366	3.0901
367	3.0005
368	2.9164
369	2.8381
370	2.766
371	2.7002
372	2.6391
373	2.5807
374	2.523
375	2.4641
376	2.4027
377	2.34
378	2.2781
379	2.2189
380	2.1644
381	2.1159
382	2.0724
383	2.0321
384	1.9933
385	1.9544
386	1.9141
387	1.8731
388	1.8326
389	1.7939
390	1.758
391	1.7259
392	1.6973
393	1.6713
394	1.6475
395	1.6251
396	1.6036
397	1.5827
398	1.5625
399	1.5428
400	1.5235
401	1.5047
402	1.486
403	1.4676
404	1.4491
405	1.4305
406	1.4117
407	1.3929
408	1.3744
409	1.3563
410	1.3389
411	1.3224
412	1.3065
413	1.2912
414	1.2761
415	1.261
416	1.2459
417	1.2309
418	1.2162
419	1.2023
420	1.1892
421	1.1772
422	1.1661
423	1.1553
424	1.1445
425	1.1334
426	1.1215
427	1.1093
428	1.0972
429	1.0858
430	1.0755
431	1.0667
432	1.059
433	1.0519
434	1.0452
435	1.0382
436	1.0307
437	1.0228
438	1.0148
439	1.0071
440	0.99975
441	0.99313
442	0.98714
443	0.98163
444	0.97647
445	0.97152
446	0.96667
447	0.96192
448	0.95727
449	0.95274
450	0.94836
451	0.94412
452	0.93998
453	0.93591
454	0.93184
455	0.92773
456	0.92361
457	0.91983
458	0.91685
459	0.91509
460	0.915
461	0.91684
462	0.9202
463	0.92446
464	0.92904
465	0.93335
466	0.9369
467	0.93969
468	0.94186
469	0.94352
470	0.94479
471	0.94578
472	0.94651
473	0.94701
474	0.94727
475	0.9473
476	0.94713
477	0.94675
478	0.94615
479	0.94534
480	0.94432
481	0.9431
482	0.94172
483	0.94026
484	0.93877
485	0.93733
486	0.93598
487	0.93477
488	0.93371
489	0.93285
490	0.93221
491	0.93181
492	0.93164
493	0.9317
494	0.93198
495	0.93245
496	0.93312
497	0.93396
498	0.93494
499	0.93606
500	0.93728
501	0.93858
502	0.93992
503	0.94124
504	0.94251
505	0.94366
506	0.94469
507	0.94574
508	0.947
509	0.94864
510	0.95084
511	0.95372
512	0.9571
513	0.96074
514	0.9644
515	0.96783
516	0.97086
517	0.97361
518	0.97624
519	0.97894
520	0.9819
521	0.98524
522	0.98897
523	0.99303
524	0.9974
525	1.002
526	1.0068
527	1.0118
528	1.0168
529	1.0217
530	1.0265
531	1.0311
532	1.0356
533	1.0401
534	1.0448
535	1.0497
536	1.0551
537	1.0608
538	1.0668
539	1.0729
540	1.0792
541	1.0855
542	1.0919
543	1.0983
544	1.1048
545	1.1114
546	1.1181
547	1.1249
548	1.1318
549	1.1388
550	1.146
551	1.1533
552	1.1608
553	1.1685
554	1.1762
555	1.1841
556	1.1921
557	1.2001
558	1.2083
559	1.2165
560	1.2248
561	1.2332
562	1.2417
563	1.2504
564	1.2591
565	1.268
566	1.2771
567	1.2863
568	1.2957
569	1.3052
570	1.315
571	1.3249
572	1.335
573	1.3451
574	1.3551
575	1.3651
576	1.3748
577	1.3845
578	1.394
579	1.4035
580	1.4129
581	1.4225
582	1.4321
583	1.442
584	1.4523
585	1.463
586	1.4743
587	1.486
588	1.498
589	1.5103
590	1.5227
591	1.5351
592	1.5476
593	1.5602
594	1.5729
595	1.5858
596	1.5989
597	1.6124
598	1.6264
599	1.641
600	1.6565
601	1.6728
602	1.6898
603	1.7074
604	1.7253
605	1.7434
606	1.7615
607	1.7796
608	1.7981
609	1.8169
610	1.8364
611	1.8566
612	1.8775
613	1.899
614	1.9211
615	1.9436
616	1.9666
617	1.9901
618	2.0141
619	2.0386
620	2.0636
621	2.0893
622	2.1155
623	2.1424
624	2.1698
625	2.1979
626	2.2266
627	2.2559
628	2.2859
629	2.3168
630	2.3485
631	2.3811
632	2.4144
633	2.4485
634	2.483
635	2.5179
636	2.5531
637	2.5887
638	2.6249
639	2.6619
640	2.6999
641	2.7391
642	2.7797
643	2.8217
644	2.8653
645	2.9107
646	2.9579
647	3.0064
648	3.0556
649	3.1049
650	3.1538
651	3.2017
652	3.2489
653	3.2958
654	3.3429
655	3.3904
656	3.4387
657	3.4877
658	3.5371
659	3.5868
660	3.6366
661	3.6863
662	3.7364
663	3.7874
664	3.8401
665	3.8948
666	3.9521
667	4.0116
668	4.0729
669	4.1354
670	4.1987
671	4.2624
672	4.326
673	4.3891
674	4.4514
675	4.5125
676	4.5723
677	4.6322
678	4.6938
679	4.7587
680	4.8288
681	4.9048
682	4.9855
683	5.0688
684	5.1525
685	5.2346
686	5.3136
687	5.3905
688	5.4669
689	5.5446
690	5.625
691	5.7096
692	5.7981
693	5.8901
694	5.9852
695	6.083
696	6.183
697	6.2847
698	6.3873
699	6.4905
700	6.5934
701	6.6959
702	6.799
703	6.9037
704	7.0115
705	7.1234
706	7.2406
707	7.3626
708	7.4889
709	7.6188
710	7.7519
711	7.8877
712	8.0269
713	8.1702
714	8.3186
715	8.4728
716	8.6335
717	8.8004
718	8.9728
719	9.1503
720	9.3323
721	9.5177
722	9.7035
723	9.8861
724	10.062
725	10.228
726	10.381
727	10.528
728	10.674
729	10.826
730	10.992
731	11.175
732	11.372
733	11.574
734	11.776
735	11.97
736	12.152
737	12.325
738	12.494
739	12.665
740	12.845
741	13.036
742	13.237
743	13.445
744	13.656
745	13.868
746	14.078
747	14.29
748	14.508
749	14.737
750	14.983
751	15.247
752	15.525
753	15.812
754	16.1
755	16.384
756	16.658
757	16.923
758	17.179
759	17.428
760	17.671
761	17.909
762	18.145
763	18.382
764	18.624
765	18.873
766	19.132
767	19.398
768	19.67
769	19.944
770	20.218
771	20.49
772	20.761
773	21.033
774	21.308
775	21.588
776	21.875
777	22.167
778	22.463
779	22.761
780	23.061
781	23.36
782	23.665
783	23.979
784	24.31
785	24.663
786	25.042
787	25.442
788	25.858
789	26.284
790	26.714
791	27.146
792	27.591
793	28.063
794	28.578
795	29.151
796	29.792
797	30.5
798	31.268
799	32.092
800	32.966
801	33.891
802	34.902
803	36.038
804	37.343
805	38.856
806	40.617
807	42.65
808	44.978
809	47.623
810	50.609
811	53.948
812	57.625
813	61.615
814	65.892
815	70.432
816	75.239
817	80.435
818	86.172
819	92.6
820	99.871
821	108.07
822	117.01
823	126.44
824	136.1
825	145.75
826	155.18
827	164.43
828	173.59
829	182.74
830	191.97
831	201.34
832	210.79
833	220.21
834	229.52
835	238.63
836	247.46
837	256.09
838	264.59
839	273.07
840	281.6
841	290.25
842	298.86
843	307.24
844	315.22
845	322.6
846	329.2
847	334.82
848	339.29
849	342.41
850	343.99
